0 0.498598 0.7039800000000002 0.206542 0.368159
0 0.319626 0.42412900000000003 0.11215 0.179104
0 0.086916 0.582711 0.171963 0.282338
0 0.556075 0.328358 0.08972 0.146766
0 0.676636 0.41293499999999994 0.11215 0.208955
0 0.794393 0.276119 0.097196 0.156716
0 0.890187 0.25248800000000005 0.073832 0.131841
0 0.646262 0.258085 0.064486 0.115672
0 0.602336 0.173507 0.053271 0.090796
0 0.489252 0.217662 0.058879 0.097015
0 0.257477 0.299129 0.085047 0.13806
0 0.36635500000000004 0.247512 0.074766 0.12437800000000002
0 0.052336 0.220149 0.065421 0.10199
