1 0.133761 0.361111 0.054701 0.146296
1 0.742949 0.45463 0.078205 0.162963
1 0.604915 0.359259 0.045726 0.133333
1 0.550855 0.36018500000000003 0.04359 0.135185
1 0.49444399999999994 0.306019 0.018803 0.076852
1 0.769017 0.310648 0.027777999999999997 0.099074
1 0.812179 0.348611 0.037179 0.09537
1 0.642949 0.290278 0.024359 0.080556
1 0.679915 0.287037 0.020513 0.074074
1 0.705983 0.307407 0.030769 0.083333
0 0.183547 0.319444 0.045726 0.112963
0 0.225641 0.306944 0.033333 0.091667
0 0.367094 0.280556 0.024786 0.072222
0 0.472222 0.288889 0.028205 0.07963
0 0.509188 0.302315 0.02094 0.065741
