1 0.677103 0.35606099999999996 0.036449 0.099327
1 0.869159 0.224747 0.028037 0.082492
0 0.669626 0.207912 0.017757 0.055556
0 0.759813 0.23063999999999998 0.031776 0.06734
0 0.774766 0.296296 0.028037 0.063973
0 0.890654 0.128788 0.016822 0.048822
0 0.831308 0.138047 0.017757 0.060606
0 0.921495 0.194444 0.018692 0.052189
0 0.92757 0.148148 0.017757 0.060606
0 0.801869 0.177609 0.026168 0.058922999999999996
0 0.695327 0.171717 0.018692 0.047138
0 0.608411 0.212121 0.028037 0.053872
1 0.406075 0.297138 0.043925 0.058922999999999996
1 0.473832 0.256734 0.041121 0.065657
