0 0.272 0.616335 0.085 0.160159
0 0.1535 0.4637450000000001 0.054 0.094024
0 0.39075 0.43227100000000007 0.0485 0.091633
0 0.59775 0.45498 0.0515 0.0749
0 0.78 0.4438250000000001 0.055 0.082869
0 0.653 0.404781 0.026 0.0749
0 0.953 0.17251 0.094 0.156972
0 0.0795 0.43426300000000007 0.035 0.076494
1 0.553 0.48366500000000007 0.058 0.101992
0 0.54925 0.401594 0.0285 0.05737099999999999
0 0.44075 0.386454 0.0295 0.06055800000000001
0 0.2925 0.387649 0.041 0.059761
0 0.07625 0.696414 0.1235 0.203984
