1 0.205983 0.537037 0.065812 0.198148
1 0.23717900000000003 0.424074 0.04359 0.12963
1 0.420513 0.443981 0.053846 0.14537
0 0.326282 0.37037 0.042308 0.096296
0 0.150214 0.364352 0.030342 0.086111
0 0.825214 0.282407 0.023932 0.059259
1 0.52265 0.430556 0.04359 0.111111
1 0.658333 0.416204 0.033761 0.117593
1 0.66453 0.351389 0.028205 0.091667
1 0.705556 0.343056 0.021368 0.071296
1 0.725641 0.34814800000000007 0.020513 0.068519
1 0.759402 0.364352 0.028205 0.087963
1 0.792735 0.368981 0.028205 0.078704
1 0.846795 0.339815 0.025214 0.081481
1 0.793803 0.289815 0.021795 0.061111000000000006
1 0.598504 0.331944 0.021795 0.069444
1 0.546154 0.334722 0.028205 0.086111
1 0.505769 0.333796 0.026923 0.071296
1 0.437393 0.331481 0.032051 0.087037
1 0.465812 0.325463 0.017094 0.06018500000000001
1 0.412179 0.255093 0.021795 0.052778
1 0.348077 0.312963 0.020085 0.048148
1 0.306838 0.309722 0.017949 0.034259
1 0.263889 0.307407 0.017521 0.048148
1 0.192308 0.34259300000000004 0.023077 0.068519
1 0.103846 0.359722 0.021368 0.075
1 0.392308 0.316667 0.017949 0.042593
1 0.50812 0.268519 0.016239 0.053704
1 0.27735 0.255093 0.017949 0.052778
1 0.642735 0.291667 0.020513 0.062963
