1 0.22222200000000003 0.576852 0.08547 0.207407
1 0.391667 0.544444 0.073932 0.164815
1 0.328632 0.428704 0.069231 0.161111
1 0.498504 0.515741 0.039744 0.148148
1 0.644872 0.47963 0.047009 0.144444
1 0.69765 0.457407 0.026923 0.103704
1 0.862393 0.41620399999999996 0.031624 0.089815
1 0.777778 0.440741 0.023077 0.083333
0 0.531624 0.451852 0.042735 0.12037000000000002
0 0.751709 0.434722 0.039316 0.12129600000000001
0 0.811325 0.429167 0.031197 0.087963
0 0.841453 0.42685199999999995 0.021368 0.098148
