1 0.698504 0.47175899999999993 0.125214 0.323148
1 0.45982899999999993 0.361111 0.08547 0.177778
1 0.818376 0.326389 0.062393 0.176852
0 0.639957 0.287037 0.044872 0.092593
0 0.31068399999999996 0.29213 0.052137 0.12129600000000001
1 0.136325 0.23611100000000002 0.01453 0.042593
1 0.155983 0.228241 0.01453 0.041667
1 0.194017 0.258333 0.024786 0.061111000000000006
1 0.170085 0.260648 0.016239 0.047222
1 0.226709 0.29213 0.032051 0.069444
1 0.227137 0.229167 0.012393 0.034259
1 0.251923 0.241204 0.015812 0.043519
1 0.242094 0.23055600000000004 0.009829 0.042593
1 0.296368 0.237963 0.019231 0.048148
1 0.315385 0.237037 0.016239 0.046296
0 0.341239 0.235185 0.012393 0.037037
0 0.363462 0.234722 0.012393 0.04537
0 0.395726 0.251852 0.016239 0.05
1 0.416667 0.27963 0.023077 0.072222
1 0.436966 0.24675900000000003 0.020085 0.04537
0 0.45106799999999997 0.224074 0.013248 0.046296
0 0.46859 0.230556 0.013248 0.048148
1 0.483974 0.250926 0.014957000000000002 0.046296
1 0.504915 0.263426 0.016667 0.067593
1 0.536966 0.24074100000000004 0.015812 0.046296
1 0.567308 0.266667 0.021795 0.064815
0 0.693162 0.260648 0.020513 0.058333
0 0.60641 0.225463 0.011111 0.036111
1 0.714957 0.250926 0.018803 0.046296
1 0.761325 0.23842600000000003 0.015812 0.047222
1 0.820085 0.22963 0.01453 0.040741
1 0.88547 0.228241 0.019658 0.058333
1 0.84594 0.272222 0.033761 0.081481
