0 0.563321 0.295302 0.023452 0.080537
0 0.620544 0.24664399999999997 0.025328 0.07047
0 0.640713 0.322148 0.0394 0.067114
0 0.764071 0.282718 0.030956999999999995 0.068792
0 0.626173 0.20302 0.0197 0.053691
0 0.583021 0.165268 0.0197 0.041946
0 0.525328 0.19798700000000002 0.018762 0.053691
0 0.50469 0.185403 0.020638 0.052013
0 0.474203 0.22902699999999998 0.021576 0.045302
0 0.390713 0.270134 0.0197 0.057046999999999994
0 0.361163 0.253356 0.020638 0.050336
1 0.337711 0.26594 0.02439 0.048658
0 0.415103 0.192114 0.017824 0.048658
0 0.707786 0.213926 0.017824 0.052013
0 0.713884 0.125839 0.015009 0.040268
