0 0.690031 0.316081 0.038422 0.096118
0 0.762721 0.345656 0.032191 0.085028
0 0.799065 0.290203 0.023884 0.092421
0 0.587227 0.230129 0.023884 0.083179
0 0.6334369999999999 0.251386 0.035306 0.07024
0 0.43821400000000005 0.24861399999999997 0.031153 0.090573
0 0.466251 0.207024 0.022845 0.066543
0 0.386293 0.24861399999999997 0.020768 0.057301
0 0.370717 0.230129 0.022845 0.053604
0 0.522845 0.181146 0.023884 0.051756
0 0.555556 0.18484299999999998 0.022845 0.055453
0 0.659398 0.17282800000000004 0.016615 0.046211
0 0.718069 0.170055 0.01973 0.059149999999999994
0 0.687435 0.251386 0.024922 0.062847
0 0.75649 0.190388 0.025961 0.055453
0 0.490135 0.18207 0.024922 0.053604
0 0.343718 0.17098 0.018691999999999997 0.053604
0 0.82866 0.24861399999999997 0.024922 0.072089
1 0.911215 0.354898 0.038422 0.107209
0 0.928868 0.251386 0.017653 0.077634
0 0.890447 0.233826 0.030114 0.064695
