0 0.34697 0.573737 0.078788 0.105051
0 0.546212 0.658586 0.101515 0.169697
0 0.227273 0.5 0.060606 0.086869
0 0.165152 0.473737 0.057576 0.070707
0 0.789394 0.526263 0.060606 0.074747
0 0.9045450000000002 0.507071 0.054545 0.080808
0 0.596212 0.486869 0.05 0.076768
0 0.487121 0.474747 0.040909 0.060606
0 0.411364 0.446465 0.043939 0.048485
0 0.344697 0.432323 0.028788 0.048485
0 0.284848 0.432323 0.030303 0.044444
0 0.675758 0.459596 0.033333 0.054545
0 0.79697 0.472727 0.036364 0.064646
0 0.85 0.446465 0.030303 0.048485
0 0.95303 0.449495 0.024242 0.058586
0 0.9265150000000001 0.447475 0.031818 0.050505
0 0.89697 0.441414 0.036364 0.042424
0 0.715152 0.441414 0.027273000000000002 0.042424
0 0.767424 0.43030300000000005 0.031818 0.036364
0 0.584848 0.432323 0.027273000000000002 0.028283
0 0.4939390000000001 0.437374 0.027273000000000002 0.042424
0 0.570455 0.415152 0.025758 0.034343
0 0.632576 0.431313 0.025758 0.030303
0 0.078788 0.437374 0.030303 0.050505
1 0.11287900000000001 0.464646 0.037879 0.056566
