0 0.209821 0.579188 0.096429 0.155759
0 0.04375 0.505236 0.078571 0.13089
0 0.088393 0.44764400000000004 0.048214 0.091623
0 0.540179 0.52356 0.064286 0.104712
0 0.660714 0.532068 0.058928999999999995 0.100785
0 0.609375 0.475785 0.054464 0.082461
0 0.568304 0.446335 0.036607 0.05497400000000001
0 0.354464 0.471859 0.060714 0.090314
0 0.23258900000000002 0.466623 0.04375 0.069372
1 0.827679 0.502618 0.051786 0.094241
0 0.9169639999999999 0.488874 0.046429 0.07199
0 0.697768 0.475131 0.038393 0.060209
0 0.731696 0.448953 0.029463999999999997 0.052356
0 0.648661 0.444372 0.027679 0.05104700000000001
1 0.525893 0.42931899999999995 0.023214 0.052356
1 0.284375 0.42801 0.020536 0.039267
1 0.017411 0.419503 0.03125 0.053665
