1 0.3452990000000001 0.50463 0.11709399999999999 0.294444
1 0.790385 0.276852 0.028632 0.103704
1 0.24722199999999997 0.328704 0.046581 0.118519
1 0.099786 0.303241 0.016667 0.086111
0 0.207906 0.283796 0.028632 0.078704
0 0.31047 0.25 0.021795 0.059259
1 0.177778 0.248148 0.011111 0.037037
1 0.163248 0.255093 0.011966 0.030556000000000003
1 0.116453 0.259722 0.016667 0.050926
0 0.324145 0.256481 0.014103 0.051852
0 0.498291 0.23842600000000003 0.012821 0.036111
1 0.415812 0.312963 0.032479 0.103704
1 0.389744 0.248148 0.017949 0.053704
1 0.443376 0.266667 0.026068 0.066667
1 0.47777800000000004 0.23657400000000003 0.017094 0.050926
0 0.586538 0.327315 0.072222 0.149074
0 0.682479 0.293981 0.041026 0.097222
0 0.614103 0.22731500000000002 0.009402 0.034259
0 0.651923 0.24351899999999999 0.012393 0.042593
1 0.724573 0.275 0.025214 0.07963
1 0.801923 0.24536999999999998 0.012393 0.062963
1 0.828205 0.229167 0.019658 0.050926
1 0.741026 0.226389 0.011966 0.037963
1 0.513248 0.262037 0.017949 0.059259
