1 0.197778 0.666139 0.102222 0.18038
1 0.715556 0.677215 0.084444 0.189873
1 0.9 0.651899 0.111111 0.177215
1 0.095556 0.496835 0.084444 0.113924
1 0.46888899999999994 0.265823 0.057777999999999996 0.094937
1 0.582222 0.26265800000000006 0.048889 0.088608
1 0.045556 0.253165 0.06 0.088608
1 0.208889 0.504747 0.084444 0.161392
1 0.935556 0.273734 0.044444000000000004 0.098101
1 0.484444 0.123418 0.044444000000000004 0.075949
1 0.58 0.107595 0.053333 0.088608
0 0.19333300000000003 0.237342 0.053333 0.088608
0 0.208889 0.151899 0.053333 0.088608
0 0.156667 0.37025300000000005 0.051111 0.088608
0 0.262222 0.408228 0.075556 0.12025299999999998
0 0.33 0.349684 0.051111 0.10443
0 0.31 0.245253 0.068889 0.117089
0 0.42 0.481013 0.097778 0.158228
0 0.425556 0.637658 0.144444 0.199367
0 0.586667 0.48734199999999994 0.093333 0.132911
0 0.614444 0.40981000000000006 0.06 0.10443
0 0.705556 0.365506 0.051111 0.10443
0 0.75 0.43987299999999996 0.046667 0.113924
0 0.798889 0.49525299999999994 0.07777800000000001 0.142405
0 0.897778 0.425633 0.075556 0.10443
0 0.755556 0.117089 0.048889 0.06962
0 0.666667 0.172468 0.048889 0.079114
0 0.34777800000000003 0.175633 0.046667 0.072785
0 0.277778 0.053797000000000005 0.04 0.063291
1 0.251111 0.10126600000000001 0.048889 0.082278
