1 0.18739300000000003 0.42037 0.043162 0.103704
1 0.289957 0.416667 0.037179 0.101852
1 0.359188 0.408796 0.032051 0.091667
1 0.436111 0.406944 0.033761 0.087963
1 0.49978600000000006 0.412037 0.036325 0.081481
0 0.557479 0.401389 0.026068 0.058333
0 0.598291 0.405093 0.020513 0.078704
1 0.637393 0.413426 0.021795 0.067593
1 0.67265 0.412037 0.018803 0.064815
0 0.698291 0.418519 0.022222 0.064815
0 0.728419 0.416204 0.019231 0.06018500000000001
0 0.786538 0.412037 0.015812 0.055556
1 0.752991 0.413889 0.017094 0.055556
