0 0.65309 0.545625 0.113296 0.17375
0 0.353933 0.549375 0.104869 0.14875
0 0.184925 0.485 0.07397 0.12
0 0.284176 0.420625 0.049625 0.07625
0 0.12265899999999999 0.378125 0.054307 0.07125
0 0.18632999999999997 0.363125 0.044944 0.06875
0 0.415262 0.438125 0.075843 0.09125
0 0.6147 0.35625 0.03839 0.06
0 0.900281 0.410625 0.057116 0.09375
1 0.8272470000000001 0.480625 0.072097 0.12375
1 0.751404 0.415625 0.055243 0.09125
1 0.054775 0.455 0.094569 0.125
0 0.025749 0.3875 0.049625 0.0625
1 0.558521 0.32875 0.025281 0.0425
0 0.515918 0.3225 0.026217 0.035
0 0.691011 0.3175 0.029963 0.05
1 0.743446 0.33625 0.031835 0.055
