0 0.284235 0.263636 0.027618 0.058586
0 0.371692 0.211111 0.011507 0.030303
0 0.690449 0.10505099999999999 0.018412 0.040404
1 0.432681 0.287879 0.039125 0.050505
1 0.494822 0.327273 0.034522 0.09697
1 0.550633 0.323232 0.037975 0.09697
1 0.607595 0.334343 0.039125 0.086869
1 0.6760639999999999 0.329293 0.037975 0.084848
1 0.766974 0.292929 0.03107 0.068687
1 0.664557 0.265657 0.033372 0.062626
1 0.609896 0.278788 0.027618 0.072727
1 0.562716 0.257576 0.027618 0.058586
1 0.519563 0.211111 0.024166000000000003 0.054545
1 0.6133489999999999 0.228283 0.041427 0.076768
1 0.459148 0.221212 0.025316 0.050505
1 0.426352 0.224242 0.028769 0.040404
1 0.424051 0.181818 0.021864 0.040404
1 0.455696 0.172727 0.020713 0.038384
1 0.478711 0.179798 0.025316 0.048485
1 0.750288 0.206061 0.027618 0.044444
1 0.707135 0.229293 0.033372 0.058586
1 0.802647 0.187879 0.021864 0.060606
1 0.747411 0.135354 0.017261 0.040404
1 0.734177 0.127273 0.027618 0.040404
0 0.7128879999999999 0.145455 0.024166000000000003 0.052525
0 0.7710009999999999 0.135354 0.018412 0.048485
