1 0.0765 0.67725 0.075667 0.1525
1 0.285667 0.61525 0.040667 0.0825
1 0.405833 0.617 0.055667 0.111
1 0.163833 0.531 0.024332999999999997 0.046
1 0.195 0.527 0.027333 0.056
1 0.263833 0.534 0.028332999999999997 0.048
0 0.373833 0.50075 0.022333 0.0405
0 0.06316699999999999 0.5555 0.031667 0.05
0 0.1075 0.5365 0.029 0.043
0 0.221167 0.5165 0.019667 0.038
0 0.421 0.5105 0.018667 0.035
0 0.308333 0.519 0.021333 0.036
0 0.2805 0.50825 0.017667 0.0365
1 0.470667 0.5155 0.02 0.034
0 0.503667 0.5205 0.017333 0.036
0 0.579667 0.50825 0.016 0.0345
0 0.609 0.50725 0.017333 0.0295
0 0.641 0.531 0.018 0.041
1 0.543667 0.52125 0.016667 0.0345
0 0.5585 0.4965 0.015667 0.032
1 0.602 0.5345 0.021333 0.043
1 0.687333 0.53125 0.019333 0.0415
1 0.726667 0.5305 0.02 0.036
1 0.7876670000000001 0.52775 0.022667000000000003 0.0455
0 0.754167 0.52575 0.023667 0.0445
1 0.915333 0.546 0.031333 0.054
