1 0.543888 0.501828 0.034454 0.11883
1 0.794504 0.3839119999999999 0.027071 0.084095
1 0.687449 0.350091 0.031173 0.085923
1 0.8798200000000002 0.310786 0.020509 0.06947
1 0.865053 0.272395 0.017227 0.062157
1 0.825267 0.24040200000000003 0.02461 0.063985
1 0.719442 0.279707 0.02297 0.062157
1 0.78466 0.21663599999999997 0.025431 0.082267
1 0.734208 0.219378 0.018048 0.065814
1 0.549221 0.309872 0.025431 0.082267
1 0.61854 0.24862899999999996 0.026251 0.06947
1 0.577523 0.202925 0.021329 0.062157
1 0.4557010000000001 0.280622 0.030352999999999998 0.067642
1 0.516817 0.186472 0.032814 0.065814
1 0.123052 0.636197 0.065628 0.120658
1 0.075062 0.509141 0.033634 0.093236
1 0.06111599999999999 0.425046 0.035275 0.082267
1 0.28671 0.206581 0.022149 0.062157
1 0.383921 0.184644 0.019688 0.06947
1 0.422067 0.174589 0.02379 0.063985
1 0.35644 0.234918 0.027071 0.071298
1 0.314602 0.244059 0.025431 0.071298
1 0.121411 0.220293 0.02461 0.078611
1 0.174733 0.27056699999999995 0.032814 0.073126
1 0.24282200000000007 0.308958 0.039377 0.084095
1 0.21205899999999997 0.370201 0.050041 0.104205
1 0.362182 0.085009 0.02379 0.071298
1 0.437244 0.09415 0.021329 0.063985
1 0.54799 0.088665 0.02461 0.082267
