1 0.339103 0.46388899999999994 0.017521 0.048148
1 0.44059799999999993 0.492593 0.030769 0.066667
1 0.548932 0.510185 0.031197 0.059259
1 0.539957 0.466204 0.017521 0.04537
1 0.586966 0.466204 0.016667 0.04537
1 0.625 0.467593 0.026068 0.064815
1 0.71453 0.518519 0.030769 0.088889
1 0.751496 0.501852 0.025214 0.083333
1 0.767949 0.470833 0.017094 0.058333
1 0.782906 0.45 0.011966 0.048148
1 0.793803 0.448611 0.009829 0.050926
1 0.674145 0.463426 0.017521 0.041667
1 0.720726 0.445833 0.013248 0.049074
1 0.736111 0.443981 0.010684 0.041667
1 0.557051 0.437963 0.013248 0.027778
1 0.412607 0.456019 0.016667 0.047222
1 0.4758549999999999 0.451852 0.016667 0.037037
1 0.361325 0.456019 0.015812 0.036111
0 0.326923 0.433333 0.010256 0.037037
0 0.300855 0.441667 0.011966 0.035185
1 0.268162 0.455556 0.019231 0.044444
