1 0.352991 0.517593 0.047009 0.112963
0 0.282906 0.451389 0.019658 0.082407
1 0.369872 0.447685 0.026923 0.080556
0 0.443162 0.453241 0.026496 0.076852
0 0.528846 0.446759 0.025214 0.09537
1 0.607479 0.452315 0.040598 0.084259
1 0.702564 0.513889 0.057265 0.151852
0 0.853205 0.501389 0.048291 0.100926
0 0.737607 0.471296 0.02735 0.094444
0 0.175427 0.524074 0.048291 0.087037
0 0.150855 0.483796 0.025641 0.063889
0 0.186752 0.42963 0.02906 0.061111000000000006
1 0.130769 0.44027799999999995 0.02735 0.056481
