1 0.035897 0.506731 0.028205 0.078846
1 0.496154 0.572115 0.048718 0.105769
1 0.236538 0.4875 0.026923 0.055769
1 0.273718 0.477885 0.029487 0.063462
1 0.9185900000000001 0.571154 0.070513 0.138462
1 0.669231 0.463462 0.033333 0.057692
0 0.853205 0.453846 0.029487 0.053846
0 0.216667 0.522115 0.028205 0.055769
0 0.275641 0.578846 0.053846 0.107692
0 0.355128 0.551923 0.048718 0.115385
0 0.320513 0.466346 0.030769 0.048077
0 0.354487 0.485577 0.021795 0.036538
0 0.367308 0.450962 0.032051 0.048077
1 0.303846 0.510577 0.028205 0.071154
0 0.405128 0.461538 0.028205 0.046154
0 0.414103 0.547115 0.028205 0.055769
0 0.395513 0.513462 0.024359 0.053846
0 0.467308 0.502885 0.029487 0.075
0 0.458333 0.452885 0.019231 0.044231
0 0.437179 0.475 0.020512999999999997 0.030769
0 0.508974 0.466346 0.023077 0.044231
0 0.574359 0.517308 0.038462 0.084615
1 0.537179 0.489423 0.030769 0.071154
0 0.590385 0.460577 0.026923 0.051923
0 0.624359 0.485577 0.028205 0.075
0 0.658333 0.564423 0.034615 0.078846
0 0.688462 0.55 0.030769 0.076923
0 0.588462 0.651923 0.066667 0.12307699999999999
0 0.775 0.665385 0.062821 0.138462
0 0.748077 0.597115 0.042308 0.098077
0 0.739744 0.495192 0.030769 0.067308
0 0.703846 0.456731 0.020512999999999997 0.051923
0 0.795513 0.499038 0.032051 0.059615
0 0.775641 0.545192 0.030769 0.082692
0 0.869231 0.525 0.051282 0.115385
0 0.9423080000000001 0.47403800000000007 0.028205 0.071154
0 0.986538 0.507692 0.026923 0.088462
0 0.9756409999999999 0.458654 0.025641 0.067308
0 0.8121789999999999 0.480769 0.024359 0.069231
