1 0.047068 0.44856 0.057870000000000005 0.110082
1 0.09973 0.496399 0.071373 0.124486
1 0.166474 0.558385 0.071373 0.119856
1 0.252894 0.622685 0.083719 0.165123
1 0.221065 0.422325 0.052469 0.098765
1 0.276235 0.4786520000000001 0.05324099999999999 0.082819
1 0.374614 0.470679 0.066358 0.096708
1 0.383102 0.4094650000000001 0.054784 0.06893
1 0.474344 0.438014 0.063657 0.091049
1 0.507716 0.489969 0.078704 0.119856
1 0.548611 0.4094650000000001 0.059414 0.10699599999999998
1 0.621914 0.391975 0.057870000000000005 0.103909
1 0.727045 0.46142 0.083719 0.12963
1 0.763696 0.392747 0.071373 0.112654
1 0.858796 0.575617 0.112654 0.177984
1 0.9211029999999999 0.458848 0.065201 0.104938
1 0.884066 0.502829 0.087577 0.109568
1 0.495563 0.794239 0.181713 0.229424
