0 0.19 0.550409 0.1 0.196185
0 0.334545 0.30654 0.087273 0.182561
0 0.185455 0.247956 0.08 0.163488
0 0.256364 0.181199 0.06181799999999999 0.11716600000000002
0 0.425455 0.219346 0.076364 0.144414
0 0.58 0.245232 0.072727 0.13079
0 0.520909 0.444142 0.125455 0.207084
0 0.631818 0.776567 0.183636 0.256131
1 0.383636 0.7547680000000001 0.16 0.23433200000000004
0 0.76 0.298365 0.090909 0.182561
0 0.48818199999999995 0.155313 0.052727 0.125341
0 0.513636 0.057221 0.063636 0.103542
0 0.612727 0.156676 0.08 0.149864
0 0.702727 0.09400500000000002 0.070909 0.128065
0 0.884545 0.073569 0.081818 0.13624
0 0.958182 0.194823 0.069091 0.144414
0 0.95 0.446866 0.096364 0.179837
0 0.801818 0.47139 0.090909 0.158038
0 0.06181799999999999 0.254768 0.083636 0.160763
0 0.13 0.174387 0.067273 0.114441
0 0.197273 0.077657 0.067273 0.122616
0 0.283636 0.091281 0.069091 0.111717
1 0.026364 0.144414 0.049091 0.152589
1 0.708182 0.554496 0.147273 0.21525900000000003
