0 0.3269 0.535743 0.094363 0.121324
0 0.462163 0.459559 0.05055099999999999 0.088235
0 0.954963 0.534926 0.082108 0.13031
0 0.7280940000000001 0.497753 0.067096 0.115605
0 0.795956 0.42116 0.045343 0.075163
0 0.7549019999999999 0.400123 0.04289199999999999 0.055146999999999995
0 0.851409 0.407884 0.040441000000000005 0.061683
0 0.903186 0.3725490000000001 0.03799 0.062092
0 0.358303 0.4387249999999999 0.048100000000000004 0.062092
0 0.12117 0.599265 0.09038 0.138072
0 0.22595 0.658497 0.119179 0.169935
0 0.483915 0.64134 0.11182600000000001 0.169118
0 0.7492339999999998 0.714869 0.135723 0.21650299999999997
1 0.053156 0.4983659999999999 0.065257 0.090686
1 0.21354199999999998 0.535948 0.072917 0.112745
1 0.130208 0.506127 0.060662 0.090686
1 0.616728 0.390727 0.034926 0.060865999999999996
0 0.564491 0.478554 0.064645 0.092729
0 0.461857 0.35049 0.039522 0.068627
0 0.509957 0.408905 0.036458 0.062092
0 0.60095 0.466503 0.039522 0.081699
0 0.301317 0.441585 0.048100000000000004 0.062908
0 0.22886 0.428309 0.052083 0.076389
0 0.140472 0.428309 0.053002 0.073938
0 0.652727 0.395221 0.034007 0.058415
1 0.711091 0.3846 0.036152 0.07067
1 0.400582 0.43831699999999996 0.031556 0.069444
0 0.867494 0.48835799999999996 0.069547 0.11478800000000002
1 0.943321 0.393587 0.042279 0.077206
