0 0.050833 0.511057 0.051667 0.09828
0 0.3225 0.4914 0.051667 0.078624
0 0.4675 0.4914 0.028333 0.054054
0 0.6875 0.5 0.031667 0.071253
0 0.598333 0.760442 0.18 0.257985
0 0.95 0.536855 0.053333 0.056511000000000006
0 0.8025 0.540541 0.041667 0.063882
0 0.816667 0.528256 0.03 0.054054
0 0.885 0.546683 0.03 0.061425
0 0.955833 0.62285 0.088333 0.149877
0 0.448333 0.525799 0.04 0.07371
1 0.48833299999999996 0.571253 0.05 0.081081
1 0.553333 0.55774 0.06 0.117936
1 0.63 0.546683 0.046667 0.09582299999999999
1 0.715833 0.560197 0.055 0.093366
1 0.759167 0.515971 0.028333 0.078624
1 0.3825 0.632678 0.105 0.174447
1 0.254167 0.579853 0.075 0.127764
1 0.1825 0.590909 0.051667 0.10565099999999998
1 0.1375 0.551597 0.065 0.09582299999999999
1 0.235 0.503686 0.053333 0.078624
