1 0.784615 0.581944 0.080342 0.180556
1 0.615812 0.526852 0.070085 0.175926
1 0.761111 0.433333 0.050427 0.127778
1 0.58141 0.436111 0.028632 0.092593
1 0.561538 0.375926 0.013675 0.066667
1 0.535043 0.42222200000000004 0.035043 0.101852
1 0.513034 0.502315 0.054274 0.143519
1 0.408974 0.474537 0.046154 0.147222
1 0.46089700000000006 0.40787 0.025214 0.076852
1 0.432479 0.398148 0.029915000000000004 0.081481
1 0.33953 0.471759 0.067949 0.150926
1 0.280769 0.431019 0.039316 0.100926
1 0.215598 0.406944 0.043162 0.108333
1 0.179701 0.412037 0.037179 0.087037
0 0.152991 0.400463 0.036752 0.089815
1 0.367308 0.423148 0.029487 0.1
