0 0.284167 0.41883500000000007 0.076667 0.143742
0 0.47625 0.345105 0.0625 0.11771999999999999
0 0.034583 0.503098 0.065833 0.153656
0 0.11458300000000002 0.291822 0.0625 0.107807
1 0.24625 0.269517 0.060833 0.095415
0 0.367917 0.231103 0.044167 0.078067
0 0.720417 0.340768 0.0575 0.128872
0 0.6625 0.216233 0.038333 0.068154
0 0.101667 0.17534100000000002 0.045 0.070632
0 0.21875 0.179058 0.035833 0.068154
0 0.311667 0.15241600000000002 0.041667 0.061958000000000006
0 0.407917 0.163569 0.039167 0.05948
0 0.499167 0.140644 0.033333 0.065675
0 0.540417 0.218711 0.0475 0.08302399999999999
