1 0.835256 0.582407 0.07906 0.183333
1 0.712821 0.5125 0.047009 0.160185
1 0.593376 0.477778 0.044017 0.162963
1 0.483547 0.427315 0.046581 0.108333
1 0.395726 0.425463 0.038462 0.099074
1 0.328632 0.424537 0.02735 0.097222
1 0.415171 0.556481 0.073077 0.148148
1 0.298291 0.492593 0.047863 0.164815
1 0.236966 0.47963 0.041453 0.131481
1 0.132051 0.48425900000000005 0.034188 0.103704
0 0.20235 0.423148 0.025214 0.090741
1 0.155556 0.416204 0.02906 0.076852
1 0.367308 0.397222 0.02094 0.061111000000000006
0 0.636752 0.262963 0.042735 0.133333
