1 0.402906 0.702739 0.103652 0.201003
1 0.500386 0.671489 0.07536 0.153164
1 0.567773 0.629051 0.065586 0.126157
1 0.631687 0.540702 0.052984 0.094522
1 0.266204 0.589313 0.0607 0.109954
1 0.3768 0.546489 0.0607 0.096836
1 0.44393 0.534336 0.042181 0.091049
0 0.512474 0.558256 0.054784 0.094907
0 0.167052 0.58179 0.073302 0.111111
1 0.136703 0.640046 0.093879 0.136574
1 0.23624000000000003 0.845872 0.145833 0.24884300000000004
1 0.220936 0.509066 0.039095000000000005 0.085262
0 0.853909 0.391011 0.092078 0.14159
0 0.021091 0.546296 0.039609 0.101852
1 0.057356 0.47087200000000007 0.050926 0.082176
1 0.14339 0.47280099999999997 0.046553 0.06983
0 0.5625 0.512731 0.027778 0.048611
0 0.592335 0.493441 0.020576 0.051698
0 0.649048 0.47936000000000006 0.017747 0.043596
1 0.61304 0.48398899999999995 0.018776 0.03588
1 0.536908 0.46740000000000004 0.021862 0.044367
1 0.518647 0.484568 0.022377 0.041667
1 0.5618570000000002 0.45813999999999994 0.023405 0.040509
0 0.5874489999999999 0.447917 0.022119 0.039352
0 0.484568 0.477816 0.024177 0.038966
0 0.413194 0.45813999999999994 0.023405 0.041281
0 0.380273 0.459491 0.023405 0.04321
0 0.4393 0.433256 0.016975 0.032407
0 0.505144 0.44907400000000003 0.018004 0.036265
0 0.335134 0.46103399999999994 0.026235 0.052469
1 0.295653 0.44540899999999994 0.028549 0.04591
1 0.07137300000000002 0.40625 0.024434 0.041667
0 0.108668 0.402585 0.021348 0.039738
0 0.153935 0.382909 0.017747 0.026620000000000005
0 0.165123 0.377508 0.012346 0.025077
0 0.086806 0.382909 0.017233 0.029707
