0 0.07046599999999999 0.556793 0.055760000000000004 0.100543
0 0.154718 0.572826 0.04289199999999999 0.090217
0 0.1106 0.503261 0.040441000000000005 0.07934800000000002
0 0.064338 0.455163 0.039828 0.058152
0 0.018995 0.49836999999999987 0.037377 0.080435
0 0.257966 0.427989 0.028799 0.044022
0 0.374081 0.47337 0.03125 0.06413
0 0.4087009999999999 0.476359 0.022671999999999998 0.049456999999999994
0 0.399969 0.430978 0.021752000000000004 0.051087
0 0.343444 0.446467 0.022059 0.044022
0 0.352941 0.403804 0.016544 0.03913
0 0.374694 0.412228 0.017157 0.034239
0 0.286458 0.409511 0.015931 0.029891
0 0.306832 0.44945699999999994 0.021752000000000004 0.055435
0 0.22962600000000002 0.426087 0.020527 0.046739
0 0.18121899999999996 0.39130400000000004 0.020527 0.054348
0 0.203125 0.396739 0.017157 0.040217
0 0.159926 0.376902 0.018995 0.042935
0 0.127757 0.370109 0.020833 0.041304
0 0.48851100000000003 0.514946 0.029105 0.055978
0 0.520221 0.504348 0.023897 0.052174
0 0.528646 0.47663 0.022365 0.040217
0 0.609222 0.478533 0.023591 0.04076099999999999
0 0.668352 0.53913 0.030331 0.067391
0 0.6924019999999999 0.479891 0.019608 0.036957
1 0.564798 0.513587 0.028493 0.057609
1 0.460784 0.495109 0.025122999999999996 0.055435
1 0.32996300000000006 0.482337 0.029412000000000004 0.060326
0 0.494945 0.43125 0.01685 0.029891
0 0.500153 0.466576 0.015012 0.038587
0 0.543352 0.426902 0.011949000000000001 0.021196
0 0.44561899999999993 0.410054 0.016238 0.034239
0 0.719822 0.516033 0.030331 0.049456999999999994
0 0.8085169999999999 0.524728 0.023284 0.047283
0 0.85095 0.537772 0.024203000000000002 0.03967400000000001
0 0.8373159999999998 0.516576 0.015319 0.029891
0 0.901808 0.517935 0.013787 0.027174
0 0.919884 0.516576 0.0144 0.033152
0 0.090686 0.352174 0.015319 0.033696
0 0.019455 0.298098 0.012561 0.02663
0 0.033088 0.30217400000000005 0.014093 0.025
0 0.047028 0.316304 0.015012 0.028261
1 0.060509 0.32962 0.0144 0.034239
0 0.066636 0.302446 0.011335999999999999 0.022283
0 0.139706 0.33587 0.013479999999999999 0.027174
0 0.257047 0.369565 0.014093 0.028261
0 0.279259 0.372554 0.013787 0.024457
0 0.317862 0.395109 0.017463 0.033696
0 0.304381 0.41087 0.015625 0.033696
0 0.388634 0.399728 0.013174 0.032065
0 0.424479 0.381522 0.011335999999999999 0.022826
0 0.377145 0.379076 0.010417 0.025543
0 0.511949 0.402717 0.010417 0.019565
0 0.597886 0.406522 0.009498 0.019565
0 0.586244 0.48125 0.018689 0.045109
0 0.643076 0.48288 0.018382 0.038587
0 0.612286 0.519293 0.021752000000000004 0.041848
1 0.7446379999999999 0.496739 0.01685 0.038043
