1 0.28171 0.42994299999999996 0.073836 0.132761
1 0.195159 0.3962419999999999 0.061274999999999996 0.11846399999999999
1 0.132659 0.340891 0.045343 0.095997
1 0.093444 0.292892 0.049632 0.088235
1 0.546262 0.515931 0.129289 0.178922
1 0.39644599999999997 0.49938699999999997 0.09620100000000001 0.174428
1 0.66299 0.6638070000000001 0.145833 0.28268
1 0.805913 0.548611 0.12163 0.213235
1 0.938419 0.47835 0.10661799999999999 0.178922
1 0.68704 0.408497 0.09099299999999999 0.153595
1 0.571078 0.377042 0.072917 0.119281
0 0.270527 0.31781 0.049632 0.093954
0 0.808058 0.295139 0.046262 0.09518
1 0.940411 0.337214 0.059743 0.11233700000000002
1 0.7251840000000002 0.260417 0.04473 0.082925
1 0.667586 0.273693 0.04902 0.087418
1 0.482996 0.242239 0.048713 0.085784
1 0.382353 0.321691 0.064338 0.073121
1 0.382353 0.264706 0.046569 0.069444
1 0.8610599999999999 0.27941199999999994 0.048100000000000004 0.081699
1 0.220895 0.238971 0.049632 0.05718999999999999
