1 0.216342 0.354978 0.021169 0.05483400000000001
1 0.273497 0.39321799999999996 0.028789 0.070707
1 0.310754 0.398268 0.032176 0.069264
1 0.276461 0.328283 0.022862 0.041847
1 0.34547 0.309524 0.020322 0.047618999999999995
1 0.379763 0.26912 0.021169 0.041847
1 0.463167 0.42207800000000006 0.035563 0.073593
1 0.534716 0.42207800000000006 0.027941999999999998 0.088023
1 0.53387 0.366522 0.033023 0.069264
1 0.588908 0.463925 0.03641 0.088023
0 0.243438 0.373737 0.022862 0.07215
0 0.551651 0.30303 0.021169 0.07215
0 0.566046 0.255411 0.016088 0.049062
0 0.546994 0.250361 0.013547999999999998 0.053391
0 0.608383 0.213564 0.016088 0.046176
0 0.44665499999999997 0.272727 0.019475 0.046176
0 0.9276040000000001 0.487013 0.029636 0.085137
0 0.819644 0.371573 0.027095999999999995 0.062049
0 0.8679090000000002 0.38961 0.027095999999999995 0.077922
0 0.882727 0.352092 0.024555 0.07215
0 0.718459 0.41919200000000006 0.034716 0.064935
0 0.607536 0.393939 0.038103 0.063492
0 0.665114 0.39033200000000007 0.033023 0.082251
0 0.749788 0.261905 0.021169 0.050505
0 0.8806100000000001 0.264791 0.020322 0.050505
0 0.787468 0.24531 0.020322 0.051948
1 0.782388 0.44444399999999995 0.03387 0.083694
1 0.636325 0.49206300000000003 0.04149 0.077922
1 0.710838 0.546176 0.049958 0.088023
1 0.828959 0.5180379999999999 0.04403 0.09523799999999999
1 0.863675 0.47258300000000003 0.04403 0.079365
1 0.941998 0.38023100000000004 0.031329 0.070707
1 0.695174 0.375902 0.027095999999999995 0.062049
1 0.715919 0.305195 0.026249 0.047618999999999995
1 0.682896 0.326118 0.024555 0.049062
1 0.818798 0.310967 0.025402 0.044733
